Total charge (from PDBQT): 0.31 e
ASA attached (Å^2). Residues=791, missing bound=0, missing unbound=0
Sanity check ASA_BOUND A353 (Å^2): 1.83
Interface residues A: [19, 20, 23, 24, 25, 27, 28, 29, 30, 31, 34, 35, 37, 38, 41, 42, 45, 79, 82, 83, 325, 326, 330, 352, 353, 354, 355, 357, 386, 393]
Interface residues E: [403, 417, 445, 446, 449, 453, 455, 456, 475, 485, 486, 487, 489, 493, 496, 498, 499, 500, 501, 503, 505]

Residue interaction energies for chain A (ACE2):
ResID   ΔG_elec   ΔG_vdw   ΔG_solv(Δ)   ΔG_total   [kcal/mol]
  19     0.110   -0.199      -0.089     -0.178
  20    -0.059   -0.049       0.000     -0.108
  23    -0.033   -0.126       0.000     -0.159
  24    -0.074    1.792      -0.012      1.706
  25     0.084   -0.120       0.000     -0.036
  27     0.098   -3.142      -0.006     -3.051
  28     0.055   -1.973      -0.009     -1.926
  29     0.003   -0.091       0.000     -0.089
  30     0.025   -2.026      -0.009     -2.009
  31    -0.109   -2.074      -0.005     -2.188
  34    -0.224   -1.136      -0.002     -1.362
  35     0.113   -0.686      -0.003     -0.577
  37    -0.007   -1.333       0.000     -1.340
  38     0.174    0.441       0.000      0.615
  41    -0.051   -0.370       0.000     -0.422
  42    -0.030   -0.634       0.000     -0.665
  45     0.178   -0.662       0.000     -0.484
  79    -0.009   -1.016      -0.008     -1.033
  82    -0.010   -1.427      -0.161     -1.597
  83    -0.099   -0.510       0.000     -0.609
 325     0.253   -0.089       0.000      0.164
 326    -0.061   -0.176       0.000     -0.237
 330    -0.070   -1.271       0.000     -1.341
 352     0.004   -0.350       0.000     -0.346
 353    -0.175   -6.270      -1.440     -7.886
 354    -0.014   -1.294      -0.117     -1.426
 355     0.008   -1.873       0.000     -1.864
 357     0.017   -0.806       0.000     -0.789
 386    -0.005   -0.095      -0.004     -0.104
 393     0.012   -0.381       0.000     -0.368

Residue interaction energies for chain E (RBD):
ResID   ΔG_elec   ΔG_vdw   ΔG_solv(Δ)   ΔG_total   [kcal/mol]
 403    -0.093   -0.264       0.000     -0.357
 417     0.028   -0.390       0.000     -0.362
 445     0.097   -0.098       0.000     -0.001
 446     0.064   -0.731      -0.061     -0.728
 449     0.083    1.192       0.000      1.275
 453    -0.061    0.861       0.000      0.800
 455     0.016   -2.594       0.000     -2.578
 456     0.010   -3.080       0.000     -3.070
 475     0.116   -1.641      -1.898     -3.422
 485    -0.030   -0.085      -0.023     -0.137
 486    -0.018   -4.382      -0.098     -4.499
 487     0.011    4.289      -0.007      4.292
 489    -0.156   -5.047       0.000     -5.203
 493    -0.009   -0.652       0.000     -0.661
 496     0.030   -0.562      -0.111     -0.643
 498    -0.047   -2.962       0.000     -3.009
 499    -0.128   -0.187       0.000     -0.315
 500     0.083   -0.519      -0.112     -0.548
 501    -0.104   -4.499      -0.012     -4.615
 503     0.214   -0.244       0.000     -0.030
 505    -0.001   -6.350       0.000     -6.351

TOTAL interaction free energy (interface-based):
ΔG_elect(A–E) =  0.106 kcal/mol
ΔG_vdw(A–E)   = -27.947 kcal/mol
ΔG_solv       = -4.188 kcal/mol   (G_complex - G_A - G_E, interface residues)
ΔG_total      = -32.029 kcal/mol

CSV written: results/WT/WT_interaction_energies.csv
